batu@BatuCompu:~/Documents/metodos_numericos_y_optimizacion/Proyecto/Pruebas$ ./givens_paralelo.out 
Nombre del archivo que contiene la matriz:matriz_e.txt
Ingresa el número de filas de matriz:12
Ingresa el número de columnas de la matriz:3

Imprimimos la matriz A
-52.601008	-70.024831	-56.263311	
-55.088693	-15.918972	11.507908	
-83.933479	90.411737	-34.867579	
-1.883040	36.102459	54.898309	
-77.104185	84.147043	-97.269532	
34.798756	6.486392	53.607419	
6.332246	-99.513908	-52.554753	
17.070079	21.892110	-93.166090	
20.410135	-78.371433	11.690866	
70.041375	62.749773	89.205521	
-27.428187	-47.185447	-66.332630	
-1.489190	-59.820980	-85.026171	


Imprimimos la matriz que resulta de Q*R
0.000000	0.000000	0.000000	
-55.088693	-15.918972	11.507908	
-83.933479	90.411737	-34.867579	
-1.883040	36.102459	54.898309	
-77.104185	84.147043	-97.269532	
34.798756	6.486392	53.607419	
6.332246	-99.513908	-52.554753	
17.070079	21.892110	-93.166090	
20.410135	-78.371433	11.690866	
70.041375	62.749773	89.205521	
-27.428187	-47.185447	-66.332630	
-1.489190	-59.820980	-85.026171	

Imprimimos la matriz Q
0.000000	0.000000	0.000000	0.000000	0.000000	0.000000	0.000000	0.000000	0.000000	0.000000	0.000000	0.000000	
-0.338955	-0.125852	-0.374264	0.210349	-0.827617	0.000000	0.000000	0.000000	0.000000	0.000000	0.000000	0.000000	
-0.516434	0.337699	-0.048367	0.051215	0.195045	-0.759111	0.000000	0.000000	0.000000	0.000000	0.000000	0.000000	
-0.011586	0.164907	-0.261607	-0.046032	0.086273	0.116972	-0.938610	0.000000	0.000000	0.000000	0.000000	0.000000	
-0.474414	0.315263	0.338153	0.014649	-0.002837	0.441712	0.021065	-0.604497	0.000000	0.000000	0.000000	0.000000	
0.214113	0.063018	-0.125395	-0.097189	-0.065270	-0.132968	0.025575	-0.303636	-0.900125	0.000000	0.000000	0.000000	
0.038962	-0.453468	0.150748	0.168857	0.027746	-0.219320	-0.155231	-0.344454	0.080457	-0.737239	0.000000	0.000000	
0.105030	0.117304	0.670571	-0.142726	-0.400374	-0.174497	-0.219134	0.217140	-0.069474	0.011773	-0.462914	0.000000	
0.125581	-0.342469	-0.113298	0.109565	0.079728	-0.202690	-0.053446	-0.488233	0.197185	0.543399	-0.468235	0.005296	
0.430957	0.356293	-0.049651	-0.310466	-0.287136	-0.226245	0.031756	-0.350565	0.341294	-0.026788	0.314116	-0.339221	
-0.168763	-0.243934	0.159953	0.155448	0.073387	0.025447	-0.083063	0.113827	-0.146126	0.152984	0.129143	-0.880308	
-0.009163	-0.277627	0.375648	0.093321	-0.100187	-0.160652	-0.187170	-0.048644	-0.041936	0.370049	0.671655	0.331600	

Imprimimos la matriz R
162.525043	-33.448596	129.356333	
0.000000	216.576693	70.015520	
-0.000000	-0.000000	-171.444274	
0.000000	0.000000	0.000000	
-0.000000	0.000000	0.000000	
-0.000000	-0.000000	0.000000	
0.000000	0.000000	0.000000	
-0.000000	-0.000000	0.000000	
-0.000000	-0.000000	0.000000	
0.000000	0.000000	0.000000	
0.000000	0.000000	0.000000	
0.000000	0.000000	0.000000	

