batu@BatuCompu:~/Documents/metodos_numericos_y_optimizacion/Proyecto/Pruebas/Presentacion$ ./givens_paralelo.out
Nombre del archivo que contiene la matriz:matriz_c.txt
Ingresa el número de filas de matriz:3
Ingresa el número de columnas de la matriz:12

Imprimimos la matriz A
52.000000	33.000000	-59.000000	93.000000	0.000000	94.000000	-29.000000	66.000000	23.000000	87.000000	60.000000	27.000000	
-82.000000	75.000000	90.000000	23.000000	95.000000	-61.000000	-34.000000	32.000000	31.000000	-81.000000	28.000000	-40.000000	
-85.000000	-38.000000	-22.000000	11.000000	9.000000	-7.000000	74.000000	-87.000000	-27.000000	93.000000	-72.000000	-51.000000	


Imprimimos la matriz que resulta de Q*R
52.000000	33.000000	-59.000000	-37.880608	-31.503588	-18.648825	86.178434	-110.912015	-44.056178	74.221302	-94.577692	-36.264481	
-82.000000	75.000000	90.000000	40.625072	-73.683407	107.130222	2.421626	23.556545	-7.288492	110.908367	21.746730	51.557061	
-85.000000	-38.000000	-22.000000	78.826792	51.810033	27.952402	6.357137	9.623620	14.997702	70.494911	12.253157	-30.931487	

Imprimimos la matriz Q
-0.402956	-0.409174	0.818660	
0.635430	-0.768841	-0.071507	
0.658677	0.491387	0.569810	

Imprimimos la matriz R
-129.046503	9.329970	66.472161	93.000000	0.000000	94.000000	-29.000000	66.000000	23.000000	87.000000	60.000000	27.000000	
0.000000	-89.838475	-55.864892	23.000000	95.000000	-61.000000	-34.000000	32.000000	31.000000	-81.000000	28.000000	-40.000000	
0.000000	-0.000000	-67.272324	11.000000	9.000000	-7.000000	74.000000	-87.000000	-27.000000	93.000000	-72.000000	-51.000000	
	


