0 161 70 150 236 84 93 199 99 135 215 195 33 306 164 149 78 233
161 0 264 187 236 212 287 291 290 101 275 390 161 280 290 131 271 234
70 258 0 123 180 57 23 143 29 172 188 126 49 251 136 124 11 177
151 181 122 0 293 69 145 256 148 269 89 247 162 363 115 151 129 290
236 276 180 293 0 227 171 66 186 184 358 166 216 77 307 244 182 5
89 205 61 69 232 0 83 195 87 224 134 186 101 302 82 130 68 228
93 282 23 146 171 80 0 134 22 195 211 110 72 242 159 147 26 168
199 334 143 257 66 191 134 0 149 242 322 182 179 137 270 258 146 63
99 284 29 149 186 82 22 149 0 201 213 105 78 256 162 149 20 182
135 101 172 303 186 219 195 241 201 0 392 340 135 230 298 111 180 184
215 270 187 89 358 134 210 321 213 358 0 312 227 428 123 256 194 354
195 384 125 248 168 182 110 183 105 341 313 0 174 236 261 249 128 162
33 161 50 162 215 96 72 179 78 135 227 175 0 286 175 163 58 212
306 321 250 363 79 297 240 136 256 229 428 235 285 0 377 289 252 79
164 285 135 115 306 82 158 269 161 298 122 261 175 377 0 205 142 303
171 131 124 156 246 126 146 258 150 111 257 249 163 290 205 0 130 244
78 265 11 130 182 63 25 145 20 180 194 127 58 252 143 130 0 178
239 272 183 297 5 230 174 70 189 179 361 169 219 74 310 239 186 0
