3.63
4.07
4.51
3.9
3.63
3.16
3.18
3.42
3.97
3.4
3.39
4.43
4.52
4.46
3.46
5.13
4.23
4.38
3.85
3.61
4.15
4.21
4.29
4.64
4.27
3.55
3.5
3.35
3.61
3.71
3.64
3.7
3.79
4.09
4.42
3.89
3.87
4.12
4.28
4.22
4.06
4.15
4.4
4.05
4.92
4.08
4.23
4.07
4.67
4.27
3.84
3.82
4.41
4.39
4.29
4.26
4.23
4.39
4.69
4.42
5.13
4.64
4.69
4.04
4.64
4.73
4.39
4.66
4.49
4.42
4.51
4.45
4.57
4.31
4.08
4.32
4.58
3.92
5.16
5.09
3.04
4.03
3.77
3.49
3.76
3.61
3.28
3.72
3.75
4.13
4.01
3.59
3.94
4.29
3.96
3.78
3.19
4.84
4.46
3.66
4.48
3.74
4.46
3.91
4.1
3.66
3.56
3.84
4.11
4.2
4.21
4.37
4.47
4.47
3.96
3.54
3.49
3.94
4.41
4.22
4.75
4.56
4.76
4.52
4.4
4.39
4.94
4.44
4.64
4.66
4.77
4.45
4.42
4.37
3.89
4.27
3.91
4.38
4.68
4.06
4.04
4.27
3.76
4.52
4.17
3.84
4.06
3.4
2.99
3.61
3.95
4.08
3.92
3.44
4.11
4.12
4.41
4.24
4.37
3.97
4.14
4.03
3.3
3.05
3.67
4.26
4.32
4.07
4.37
3.99
4.17
3.72
3.86
3.82
3.73
4.13
4.21
3.96
4.15
3.89
4
4.5
3.67
4.59
5.07
4.36
4.86
4.93
5.02
4.44
4.39
4.56
4.77
4.63
4.03
4.47
4.61
4.29
4.91
4.46
4.37
3.97
3.94
4.01
3.83
3.79
3.96
3.93
3.56
3.86
4.17
4.1
4.99
4.36
4.09
3.41
4.27
4.52
4.68
4.44
4.02
4.19
4.07
3.34
3.63
4.09
3.74
3.04
3.59
3.99
4.17
3.07
3.91
3.79
3.82
3.55
4.06
4.19
5.13
4.52
4.58
4.05
3.73
4.06
3.74
3.72
4.33
3.72
4.05
3.37
4.09
3.99
4.09
3.56
3.57
3.16
3.75
4.49
4.19
3.7
3.92
3.97
4.58
3.19
4.14
3.76
3.77
3.93
3.96
3.47
3.29
3.14
3.05
3.29
3.43
3.47
3.91
3.82
4.41
4.28
3.64
3.61
3.64
3.75
3.7
3.37
3.71
3.71
3.75
3.09
3.37
4.86
3.39
3.64
3.73
3.3
3.51
3.6
3.54
3.24
3.66
3.82
4.07
4.54
3.92
4.01
4.59
4.76
4.73
4.2
3.74
4.36
3.6
3.6
3.39
3.39
3.45
3.14
3.01
3.29
3.57
3.44
3.44
3.97
3.79
3.87
3.97
3.83
4.24
4.09
3.41
3.51
4.13
3.19
3.08
2.92
3.05
2.73
2.85
3.48
3.51
3.92
3.53
3.77
4.29
4.35
4.38
3.71
4.21
4.07
3.86
3.47
3.89
3.8
3.48
3.23
3.68
3.09
3.36
3.49
4.27
4.26
4.2
4.3
4.22
4.24
3.81
3.54
3.85
4.09
4.36
3.94
3.67
3.72
3.05
3.25
3.52
3.66
3.85
3.68
3.72
4.36
4.31
4.1
3.74
3.58
4.06
3.66
4.41
3.95
4.54
4.47
4.54
3.91
3.65
3.86
3.91
3.77
4.15
3.36
3.36
3.69
4.33
3.81
3.55
4.2
3.42
3.95
4.21
4.08
4.24
4.11
4.11
3.35
3.71
3.22
3.87
3.48
3.93
3.71
3.17
3.53
3.66
3.89
3.67
3.94
3.05
3.84
3.63
4.03
4.08
3.97
4.58
4.11
3.25
3.69
3.87
3.76
3.91
3.54
2.97
3.14
3.59
3.32
3.57
4.24
3.44
3.76
4.17
3.97
3.89
4.07
4.02
4.39
3.69
3.8
4.21
3.69
4.33
3.59
4.23
4.09
3.97
3.46
3.96
3.75
2.78
3.47
3.44
2.84
3.47
3.56
3.93
3.47
3.43
3.79
3.68
3.84
4.21
3.76
4.53
3.94
4.38
3.64
4.31
4.29
3.44
4.24
4.55
3.91
3.29
3.83
4.33
3.93
3.38
3.63
4.06
3.67
4.19
3.36