401.31479 0.00000 0.00000 0.00000 0.00000 0.00000 0.00000 0.00000 0.00000 0.00000 0.00000 0.00000 0.00000 0.00000 0.00000 0.00000 0.00000 0.00000 0.00000 0.00000 0.00000 0.00000 0.00000 0.00000 0.00000 0.00000 0.00000 0.00000 0.00000 0.00000 0.00000 0.00000 0.00000 0.00000 0.00000 0.00000 0.00000 0.00000 0.00000 0.00000 0.00000 0.00000 0.00000 0.00000 0.00000 0.00000 0.00000 0.00000 0.00000 0.00000 
-30.98682 366.27620 0.00000 0.00000 0.00000 0.00000 0.00000 0.00000 0.00000 0.00000 0.00000 0.00000 0.00000 0.00000 0.00000 0.00000 0.00000 0.00000 0.00000 0.00000 0.00000 0.00000 0.00000 0.00000 0.00000 0.00000 0.00000 0.00000 0.00000 0.00000 0.00000 0.00000 0.00000 0.00000 0.00000 0.00000 0.00000 0.00000 0.00000 0.00000 0.00000 0.00000 0.00000 0.00000 0.00000 0.00000 0.00000 0.00000 0.00000 0.00000 
-4.97963 16.60339 440.15061 0.00000 0.00000 0.00000 0.00000 0.00000 0.00000 0.00000 0.00000 0.00000 0.00000 0.00000 0.00000 0.00000 0.00000 0.00000 0.00000 0.00000 0.00000 0.00000 0.00000 0.00000 0.00000 0.00000 0.00000 0.00000 0.00000 0.00000 0.00000 0.00000 0.00000 0.00000 0.00000 0.00000 0.00000 0.00000 0.00000 0.00000 0.00000 0.00000 0.00000 0.00000 0.00000 0.00000 0.00000 0.00000 0.00000 0.00000 
-52.04976 -18.37173 7.73745 389.99729 0.00000 0.00000 0.00000 0.00000 0.00000 0.00000 0.00000 0.00000 0.00000 0.00000 0.00000 0.00000 0.00000 0.00000 0.00000 0.00000 0.00000 0.00000 0.00000 0.00000 0.00000 0.00000 0.00000 0.00000 0.00000 0.00000 0.00000 0.00000 0.00000 0.00000 0.00000 0.00000 0.00000 0.00000 0.00000 0.00000 0.00000 0.00000 0.00000 0.00000 0.00000 0.00000 0.00000 0.00000 0.00000 0.00000 
10.88148 -70.20488 55.62979 32.75736 391.78092 0.00000 0.00000 0.00000 0.00000 0.00000 0.00000 0.00000 0.00000 0.00000 0.00000 0.00000 0.00000 0.00000 0.00000 0.00000 0.00000 0.00000 0.00000 0.00000 0.00000 0.00000 0.00000 0.00000 0.00000 0.00000 0.00000 0.00000 0.00000 0.00000 0.00000 0.00000 0.00000 0.00000 0.00000 0.00000 0.00000 0.00000 0.00000 0.00000 0.00000 0.00000 0.00000 0.00000 0.00000 0.00000 
-119.29815 -29.47934 -22.42520 26.93087 53.13350 364.69608 0.00000 0.00000 0.00000 0.00000 0.00000 0.00000 0.00000 0.00000 0.00000 0.00000 0.00000 0.00000 0.00000 0.00000 0.00000 0.00000 0.00000 0.00000 0.00000 0.00000 0.00000 0.00000 0.00000 0.00000 0.00000 0.00000 0.00000 0.00000 0.00000 0.00000 0.00000 0.00000 0.00000 0.00000 0.00000 0.00000 0.00000 0.00000 0.00000 0.00000 0.00000 0.00000 0.00000 0.00000 
68.84573 -6.75466 -64.28902 -5.94470 -65.13116 -34.35950 340.38350 0.00000 0.00000 0.00000 0.00000 0.00000 0.00000 0.00000 0.00000 0.00000 0.00000 0.00000 0.00000 0.00000 0.00000 0.00000 0.00000 0.00000 0.00000 0.00000 0.00000 0.00000 0.00000 0.00000 0.00000 0.00000 0.00000 0.00000 0.00000 0.00000 0.00000 0.00000 0.00000 0.00000 0.00000 0.00000 0.00000 0.00000 0.00000 0.00000 0.00000 0.00000 0.00000 0.00000 
20.37662 8.10625 -24.97655 -26.35467 37.67259 -42.24023 49.56391 380.93155 0.00000 0.00000 0.00000 0.00000 0.00000 0.00000 0.00000 0.00000 0.00000 0.00000 0.00000 0.00000 0.00000 0.00000 0.00000 0.00000 0.00000 0.00000 0.00000 0.00000 0.00000 0.00000 0.00000 0.00000 0.00000 0.00000 0.00000 0.00000 0.00000 0.00000 0.00000 0.00000 0.00000 0.00000 0.00000 0.00000 0.00000 0.00000 0.00000 0.00000 0.00000 0.00000 
-9.24631 -57.49141 55.61544 -47.97958 25.06366 3.79632 -13.75135 66.43193 347.32846 0.00000 0.00000 0.00000 0.00000 0.00000 0.00000 0.00000 0.00000 0.00000 0.00000 0.00000 0.00000 0.00000 0.00000 0.00000 0.00000 0.00000 0.00000 0.00000 0.00000 0.00000 0.00000 0.00000 0.00000 0.00000 0.00000 0.00000 0.00000 0.00000 0.00000 0.00000 0.00000 0.00000 0.00000 0.00000 0.00000 0.00000 0.00000 0.00000 0.00000 0.00000 
-51.62117 -59.37808 72.23192 2.62779 -109.72745 41.44841 17.22957 -47.31551 -14.11892 371.65645 0.00000 0.00000 0.00000 0.00000 0.00000 0.00000 0.00000 0.00000 0.00000 0.00000 0.00000 0.00000 0.00000 0.00000 0.00000 0.00000 0.00000 0.00000 0.00000 0.00000 0.00000 0.00000 0.00000 0.00000 0.00000 0.00000 0.00000 0.00000 0.00000 0.00000 0.00000 0.00000 0.00000 0.00000 0.00000 0.00000 0.00000 0.00000 0.00000 0.00000 
-88.18060 -60.07984 -132.25052 4.29524 -84.38202 -61.25822 -25.20018 -8.65008 -27.12997 -59.38279 266.12754 0.00000 0.00000 0.00000 0.00000 0.00000 0.00000 0.00000 0.00000 0.00000 0.00000 0.00000 0.00000 0.00000 0.00000 0.00000 0.00000 0.00000 0.00000 0.00000 0.00000 0.00000 0.00000 0.00000 0.00000 0.00000 0.00000 0.00000 0.00000 0.00000 0.00000 0.00000 0.00000 0.00000 0.00000 0.00000 0.00000 0.00000 0.00000 0.00000 
-57.88050 -6.68799 -86.65952 45.76636 -30.59761 53.57403 56.30682 23.67223 -16.67905 -1.70759 -66.16455 268.17726 0.00000 0.00000 0.00000 0.00000 0.00000 0.00000 0.00000 0.00000 0.00000 0.00000 0.00000 0.00000 0.00000 0.00000 0.00000 0.00000 0.00000 0.00000 0.00000 0.00000 0.00000 0.00000 0.00000 0.00000 0.00000 0.00000 0.00000 0.00000 0.00000 0.00000 0.00000 0.00000 0.00000 0.00000 0.00000 0.00000 0.00000 0.00000 
-54.97114 29.40355 -39.98044 -47.63998 -7.54589 30.71505 -28.82058 -1.51571 5.59559 45.40641 -17.77900 33.29388 362.74582 0.00000 0.00000 0.00000 0.00000 0.00000 0.00000 0.00000 0.00000 0.00000 0.00000 0.00000 0.00000 0.00000 0.00000 0.00000 0.00000 0.00000 0.00000 0.00000 0.00000 0.00000 0.00000 0.00000 0.00000 0.00000 0.00000 0.00000 0.00000 0.00000 0.00000 0.00000 0.00000 0.00000 0.00000 0.00000 0.00000 0.00000 
-154.36812 80.35216 -73.69331 32.65731 25.25463 -79.17592 -16.27610 12.17598 80.53954 -15.30997 -27.49865 -14.81263 -48.90383 277.58104 0.00000 0.00000 0.00000 0.00000 0.00000 0.00000 0.00000 0.00000 0.00000 0.00000 0.00000 0.00000 0.00000 0.00000 0.00000 0.00000 0.00000 0.00000 0.00000 0.00000 0.00000 0.00000 0.00000 0.00000 0.00000 0.00000 0.00000 0.00000 0.00000 0.00000 0.00000 0.00000 0.00000 0.00000 0.00000 0.00000 
-30.49167 -18.74490 13.59108 1.56739 -107.78976 -59.82768 -21.64755 29.19592 -94.72981 19.99619 29.76044 96.16902 58.93630 -14.67195 273.89499 0.00000 0.00000 0.00000 0.00000 0.00000 0.00000 0.00000 0.00000 0.00000 0.00000 0.00000 0.00000 0.00000 0.00000 0.00000 0.00000 0.00000 0.00000 0.00000 0.00000 0.00000 0.00000 0.00000 0.00000 0.00000 0.00000 0.00000 0.00000 0.00000 0.00000 0.00000 0.00000 0.00000 0.00000 0.00000 
-15.36744 -50.29597 0.16528 -6.18052 45.30984 -0.01652 18.72162 28.76613 0.73136 41.17930 38.28776 -32.20168 -35.91054 -18.96368 -60.12970 303.78035 0.00000 0.00000 0.00000 0.00000 0.00000 0.00000 0.00000 0.00000 0.00000 0.00000 0.00000 0.00000 0.00000 0.00000 0.00000 0.00000 0.00000 0.00000 0.00000 0.00000 0.00000 0.00000 0.00000 0.00000 0.00000 0.00000 0.00000 0.00000 0.00000 0.00000 0.00000 0.00000 0.00000 0.00000 
-28.89009 56.53460 -58.40335 -34.10737 -20.49065 -10.67082 55.44092 10.48366 -2.81769 -14.95867 19.58620 -1.85360 46.44096 72.17199 -26.53832 -30.48405 266.37965 0.00000 0.00000 0.00000 0.00000 0.00000 0.00000 0.00000 0.00000 0.00000 0.00000 0.00000 0.00000 0.00000 0.00000 0.00000 0.00000 0.00000 0.00000 0.00000 0.00000 0.00000 0.00000 0.00000 0.00000 0.00000 0.00000 0.00000 0.00000 0.00000 0.00000 0.00000 0.00000 0.00000 
-14.38880 -57.53394 -25.90355 -47.95009 -9.76920 8.12934 64.36233 15.46962 45.12560 -33.58177 70.84732 -57.16398 -59.31834 35.27429 -38.40832 87.45847 -16.91677 295.90797 0.00000 0.00000 0.00000 0.00000 0.00000 0.00000 0.00000 0.00000 0.00000 0.00000 0.00000 0.00000 0.00000 0.00000 0.00000 0.00000 0.00000 0.00000 0.00000 0.00000 0.00000 0.00000 0.00000 0.00000 0.00000 0.00000 0.00000 0.00000 0.00000 0.00000 0.00000 0.00000 
-11.97922 4.38001 -15.14094 18.45263 -55.91388 -24.30213 -3.30093 34.96632 2.07749 52.38084 -36.53400 11.90034 -0.44921 -0.94346 49.08195 34.91795 45.37546 70.07508 321.95910 0.00000 0.00000 0.00000 0.00000 0.00000 0.00000 0.00000 0.00000 0.00000 0.00000 0.00000 0.00000 0.00000 0.00000 0.00000 0.00000 0.00000 0.00000 0.00000 0.00000 0.00000 0.00000 0.00000 0.00000 0.00000 0.00000 0.00000 0.00000 0.00000 0.00000 0.00000 
22.23952 40.39490 29.31697 -53.28956 -38.93107 -23.03837 27.13385 -28.08177 12.22381 -10.33976 15.10281 -58.64955 -29.75149 -35.44440 10.42224 -20.12980 -73.07550 81.19247 -102.89000 260.35684 0.00000 0.00000 0.00000 0.00000 0.00000 0.00000 0.00000 0.00000 0.00000 0.00000 0.00000 0.00000 0.00000 0.00000 0.00000 0.00000 0.00000 0.00000 0.00000 0.00000 0.00000 0.00000 0.00000 0.00000 0.00000 0.00000 0.00000 0.00000 0.00000 0.00000 
59.59217 -40.41081 11.63212 -18.16685 74.79529 -7.40327 24.96109 32.58558 57.20380 -26.74650 -51.32619 73.51566 14.68851 37.95174 -66.28671 18.47457 -36.60208 33.27792 -44.89114 -8.86043 214.87922 0.00000 0.00000 0.00000 0.00000 0.00000 0.00000 0.00000 0.00000 0.00000 0.00000 0.00000 0.00000 0.00000 0.00000 0.00000 0.00000 0.00000 0.00000 0.00000 0.00000 0.00000 0.00000 0.00000 0.00000 0.00000 0.00000 0.00000 0.00000 0.00000 
-11.63473 -72.59741 -84.29606 74.14311 38.64060 29.44306 -11.77750 -15.11203 117.49779 -21.68321 47.45375 -2.79373 54.67780 -1.91942 -93.83845 -2.23943 -1.32026 -31.12291 -1.30585 30.20971 -15.04149 242.59975 0.00000 0.00000 0.00000 0.00000 0.00000 0.00000 0.00000 0.00000 0.00000 0.00000 0.00000 0.00000 0.00000 0.00000 0.00000 0.00000 0.00000 0.00000 0.00000 0.00000 0.00000 0.00000 0.00000 0.00000 0.00000 0.00000 0.00000 0.00000 
-38.17739 -1.41832 30.42806 30.00899 -36.52240 14.86020 -67.62382 -98.60102 -83.04129 -24.18157 22.93932 -76.05767 11.74631 102.74650 -31.65238 -44.17607 -48.43289 -44.61438 -53.36830 49.20467 -20.14575 61.21599 250.13551 0.00000 0.00000 0.00000 0.00000 0.00000 0.00000 0.00000 0.00000 0.00000 0.00000 0.00000 0.00000 0.00000 0.00000 0.00000 0.00000 0.00000 0.00000 0.00000 0.00000 0.00000 0.00000 0.00000 0.00000 0.00000 0.00000 0.00000 
35.87256 -4.52990 -20.49863 -76.52445 57.28512 44.38569 -5.04803 -149.31139 -55.98977 -14.87115 27.96944 -92.99650 28.07210 8.39102 -28.08805 28.83454 -11.02143 26.97766 -42.00322 46.64804 -37.78132 105.35765 19.41106 199.92321 0.00000 0.00000 0.00000 0.00000 0.00000 0.00000 0.00000 0.00000 0.00000 0.00000 0.00000 0.00000 0.00000 0.00000 0.00000 0.00000 0.00000 0.00000 0.00000 0.00000 0.00000 0.00000 0.00000 0.00000 0.00000 0.00000 
24.70893 -29.09951 -36.09039 32.20439 -24.83293 -1.28329 -9.92931 25.46756 16.77230 62.15997 5.15389 16.91749 38.43112 32.54700 53.20312 30.50008 33.37860 36.10079 -57.63732 39.41795 -16.16857 -50.25152 -65.42020 -31.70611 156.71061 0.00000 0.00000 0.00000 0.00000 0.00000 0.00000 0.00000 0.00000 0.00000 0.00000 0.00000 0.00000 0.00000 0.00000 0.00000 0.00000 0.00000 0.00000 0.00000 0.00000 0.00000 0.00000 0.00000 0.00000 0.00000 
33.97859 -44.42173 44.28008 -80.32290 36.61696 25.39580 -63.53027 -14.16910 -6.40471 2.44572 -67.04278 26.17428 35.35239 -101.44731 -23.36555 -41.79676 -28.85398 -7.60539 -8.73610 67.08993 17.60694 7.58921 40.97919 -58.00343 30.97693 182.55072 0.00000 0.00000 0.00000 0.00000 0.00000 0.00000 0.00000 0.00000 0.00000 0.00000 0.00000 0.00000 0.00000 0.00000 0.00000 0.00000 0.00000 0.00000 0.00000 0.00000 0.00000 0.00000 0.00000 0.00000 
-54.20523 15.76458 119.63187 8.27492 9.61403 -44.58530 11.08299 25.17092 -14.73433 -0.66390 26.82418 -20.43071 66.43450 12.68138 -97.02384 -33.35905 35.09949 68.60487 -38.51216 -91.40955 -87.60821 -24.59566 0.38000 -37.42628 -88.62065 -26.33396 190.18098 0.00000 0.00000 0.00000 0.00000 0.00000 0.00000 0.00000 0.00000 0.00000 0.00000 0.00000 0.00000 0.00000 0.00000 0.00000 0.00000 0.00000 0.00000 0.00000 0.00000 0.00000 0.00000 0.00000 
-73.95830 25.42452 -3.30709 96.25390 -23.86512 39.65061 33.62698 -0.53865 4.99789 19.78040 31.06931 86.01375 12.00537 77.73111 21.07666 -25.01190 -18.98202 -37.86008 17.12633 -11.49492 15.76382 -6.73487 34.02068 32.72215 52.40397 -48.68529 27.28162 98.92006 0.00000 0.00000 0.00000 0.00000 0.00000 0.00000 0.00000 0.00000 0.00000 0.00000 0.00000 0.00000 0.00000 0.00000 0.00000 0.00000 0.00000 0.00000 0.00000 0.00000 0.00000 0.00000 
-6.30251 -0.57914 -20.17191 7.37373 -6.93544 -19.63881 74.57409 -2.77987 -35.26758 -22.17847 -72.01299 -70.82566 5.58772 5.40037 -94.75315 20.10763 -39.36998 -13.21480 41.09448 39.06264 -50.31842 102.91851 35.46684 3.31004 -90.18258 45.14600 43.84245 6.54758 114.57794 0.00000 0.00000 0.00000 0.00000 0.00000 0.00000 0.00000 0.00000 0.00000 0.00000 0.00000 0.00000 0.00000 0.00000 0.00000 0.00000 0.00000 0.00000 0.00000 0.00000 0.00000 
69.84415 -1.49751 47.93201 -43.52459 -13.28379 -63.84317 11.80550 27.03339 -41.66944 -23.10088 31.21310 29.22230 -30.67967 2.62217 -44.68358 100.25231 -7.03788 42.88407 37.22080 -13.17595 31.83818 44.36605 13.77947 8.09481 -18.87946 -6.83984 10.62826 60.66860 48.53183 165.27085 0.00000 0.00000 0.00000 0.00000 0.00000 0.00000 0.00000 0.00000 0.00000 0.00000 0.00000 0.00000 0.00000 0.00000 0.00000 0.00000 0.00000 0.00000 0.00000 0.00000 
-33.79537 4.28368 -38.11993 -16.04645 -40.42644 61.55191 -4.66295 6.15845 -31.93199 -7.94955 15.19617 -19.43248 44.05139 -2.42450 13.73731 51.27662 11.24325 31.90869 51.31885 -26.07738 -10.07102 -52.26913 -20.96509 14.88866 -50.81069 -21.53441 -36.07731 -7.83474 -3.77201 -30.54292 148.61048 0.00000 0.00000 0.00000 0.00000 0.00000 0.00000 0.00000 0.00000 0.00000 0.00000 0.00000 0.00000 0.00000 0.00000 0.00000 0.00000 0.00000 0.00000 0.00000 
42.09219 -12.70980 -28.10924 22.60626 4.83292 -13.15999 -47.75338 -27.90122 -34.56044 32.39299 -92.92208 -76.65684 33.41929 -16.76925 -31.48527 56.39680 -6.78714 -16.72454 -41.14341 41.36358 -55.41586 18.86830 -34.09927 87.05716 48.09723 79.89690 -23.64961 0.00130 -11.62300 -23.03288 57.28058 137.63737 0.00000 0.00000 0.00000 0.00000 0.00000 0.00000 0.00000 0.00000 0.00000 0.00000 0.00000 0.00000 0.00000 0.00000 0.00000 0.00000 0.00000 0.00000 
-62.83915 19.49309 -5.12542 6.08432 -20.81701 16.33460 -90.91742 -45.22679 -27.88967 25.84653 -11.05942 -5.33631 -33.06692 68.07205 -31.99107 61.99945 15.01233 -33.90790 -31.22420 -42.65584 -5.98735 -87.67134 -11.95597 117.57581 -21.67594 -9.74525 -35.99184 -43.40474 -48.82646 -23.77687 36.32346 -34.82453 101.47396 0.00000 0.00000 0.00000 0.00000 0.00000 0.00000 0.00000 0.00000 0.00000 0.00000 0.00000 0.00000 0.00000 0.00000 0.00000 0.00000 0.00000 
-18.18944 2.83984 30.26340 -17.75826 56.78614 -46.92959 10.62655 -2.18160 -39.59611 -31.40752 -57.08201 -32.62878 -0.51217 63.26533 9.44771 -10.62961 8.68228 24.68789 -15.18336 -15.27575 -16.35915 22.03310 -90.73367 20.59553 -18.63915 3.31816 109.39028 -7.13350 6.28875 26.38538 -9.72459 -8.09246 -1.80540 106.77568 0.00000 0.00000 0.00000 0.00000 0.00000 0.00000 0.00000 0.00000 0.00000 0.00000 0.00000 0.00000 0.00000 0.00000 0.00000 0.00000 
33.26252 -24.74674 -37.09366 23.41715 -18.98831 17.87236 62.02498 30.74929 19.82123 32.86120 9.20604 20.21786 28.09679 -9.59806 39.99049 -86.43370 27.71362 20.29441 52.32318 -37.85466 -32.70708 -53.12092 -53.81552 -54.43338 24.49289 -52.74892 36.42727 -0.22105 4.39249 -33.24963 14.05597 6.44455 -38.31491 -8.69989 40.67729 0.00000 0.00000 0.00000 0.00000 0.00000 0.00000 0.00000 0.00000 0.00000 0.00000 0.00000 0.00000 0.00000 0.00000 0.00000 
45.06515 23.39449 18.03378 20.73161 -38.74938 -29.88792 -19.51675 2.82639 -38.47169 -2.87349 -35.58633 -29.47782 -21.97287 -22.07199 42.43571 -12.44164 -6.02191 -4.76088 19.75471 -21.83300 29.19690 -13.01819 55.63681 -16.19314 32.44946 34.62262 -41.11347 -11.76041 48.96756 -46.21445 -23.47418 58.31064 -36.77353 -79.73797 -19.79579 44.55428 0.00000 0.00000 0.00000 0.00000 0.00000 0.00000 0.00000 0.00000 0.00000 0.00000 0.00000 0.00000 0.00000 0.00000 
56.52697 1.96759 11.76248 11.01152 15.40620 -24.89139 48.09888 23.09361 -31.81557 7.32101 -14.95946 2.28176 38.17269 -8.46217 -26.01217 6.57387 -16.77413 25.09288 8.94850 8.13415 29.90062 29.22019 -6.80931 -34.49362 0.28141 -10.33138 40.23975 78.69380 42.37991 54.55710 24.95061 44.34783 -61.42706 15.20428 -24.26364 -24.31561 47.76348 0.00000 0.00000 0.00000 0.00000 0.00000 0.00000 0.00000 0.00000 0.00000 0.00000 0.00000 0.00000 0.00000 
6.34851 -1.54070 5.00500 -18.34911 33.30743 -24.71806 -13.76191 2.69821 1.99738 -6.48165 15.00175 -64.82875 45.59592 13.12069 14.76497 54.90340 15.57316 36.13216 -23.94952 24.73547 70.38102 9.23057 -10.46175 -12.49612 1.88853 -39.74675 -19.76178 4.69445 -26.02015 -33.55553 38.52772 28.76924 -34.36849 42.54492 -44.71797 -28.66975 50.73051 50.57026 0.00000 0.00000 0.00000 0.00000 0.00000 0.00000 0.00000 0.00000 0.00000 0.00000 0.00000 0.00000 
-20.13071 -6.48925 -0.87041 8.88080 -7.41135 0.96730 -19.42925 -8.66782 -4.91544 6.79918 -28.68188 13.01479 -66.14774 66.07212 19.58438 -29.28739 -8.00157 -33.00720 -1.94896 -6.96593 4.81805 -36.29390 -16.74141 45.21025 26.15468 11.72725 -0.00513 -11.06306 -14.54860 6.20038 -21.09646 -29.24869 48.44481 -3.24480 44.41120 16.26110 -37.14813 17.67444 26.46307 0.00000 0.00000 0.00000 0.00000 0.00000 0.00000 0.00000 0.00000 0.00000 0.00000 0.00000 
-25.69011 1.78615 37.56329 31.82849 20.92776 -8.62460 7.91683 37.90711 -32.34365 -27.88652 -92.28042 -48.79270 -11.79213 22.44759 -3.07727 -26.94237 -4.27220 -35.34759 46.47454 5.98828 12.65014 41.86936 -14.54399 31.50589 -56.28982 53.37540 68.72747 11.56821 5.38498 -28.60523 19.19786 47.02966 2.75564 11.13644 24.41506 20.26884 -50.93973 9.48719 39.96660 16.69760 0.00000 0.00000 0.00000 0.00000 0.00000 0.00000 0.00000 0.00000 0.00000 0.00000 
29.17097 -13.29110 -22.20106 -24.03099 38.90738 6.23746 14.56640 -23.07141 -8.75615 5.62168 15.69862 -19.15284 58.97820 -26.42234 -17.66871 26.97703 -19.06112 35.68455 -38.89404 25.88748 -43.95866 29.76767 14.35439 -21.48061 -1.34186 -5.03515 7.48036 -8.86840 -13.32247 -3.67820 29.28097 46.01579 -50.30771 49.01536 -17.35229 -31.64989 35.20873 -18.20846 -45.47161 -3.97399 17.21490 0.00000 0.00000 0.00000 0.00000 0.00000 0.00000 0.00000 0.00000 0.00000 
-16.47869 -8.64597 38.00364 -15.42325 14.01422 10.93423 3.19955 -14.08982 25.63049 11.39817 21.54726 -7.78666 -14.76252 -27.85675 3.76052 31.48949 12.46014 -11.09333 -45.68979 22.95044 25.06389 65.35428 -11.86447 26.81257 -35.73925 21.13546 -7.36530 46.93048 -42.07099 20.81771 -15.55066 1.81087 15.33858 16.19501 -19.30553 6.41288 14.07226 4.68695 47.29178 8.27261 -12.97234 16.98225 0.00000 0.00000 0.00000 0.00000 0.00000 0.00000 0.00000 0.00000 
31.16997 -6.49841 -24.66740 12.96454 7.32367 -9.23988 33.59891 -16.88868 38.97698 -3.42846 -13.07474 10.06460 -1.11061 -29.22678 -26.97094 -21.22934 -38.62799 -22.64472 32.60440 -2.59698 -46.48897 28.30719 -28.67001 7.91710 0.55700 -25.05587 4.61348 5.92719 3.90182 46.05175 -32.84103 16.90931 -1.50831 26.99585 10.64907 -23.00536 -0.44437 -38.55042 -28.54164 6.07267 -14.86336 -2.91097 10.90712 0.00000 0.00000 0.00000 0.00000 0.00000 0.00000 0.00000 
35.43388 21.68373 13.75439 23.35190 32.47616 -42.61945 -22.95611 32.45061 -13.84088 -25.65344 -49.60709 -35.49877 28.49694 -16.91200 -3.91987 -9.03320 -30.00155 -12.43964 36.82357 19.30557 13.33090 17.70253 36.31017 -6.39388 14.05513 16.18621 2.63454 -27.80264 16.10755 -30.85879 -1.82842 70.65474 -41.50079 -18.14123 -15.61807 -11.41861 -25.92060 3.04745 -34.46587 9.38316 18.68231 -14.01670 4.50686 5.98955 0.00000 0.00000 0.00000 0.00000 0.00000 0.00000 
0.17657 20.11641 -0.85935 -31.53306 15.78947 28.28567 10.64076 -0.11569 -41.49018 -3.27526 31.78017 -17.70200 17.18020 -36.11254 -23.90686 14.98275 17.59953 14.71657 -52.28139 15.19440 -52.89530 16.60118 16.19139 -33.23664 -43.20468 26.07528 39.53415 2.07380 26.30659 -14.95463 0.36109 -25.21922 -28.77045 12.54389 -31.54857 5.50821 46.38116 -26.70477 -23.51659 -6.27304 15.98854 -0.84643 -28.13375 -9.64176 8.45582 0.00000 0.00000 0.00000 0.00000 0.00000 
-10.57457 -13.02043 -7.83526 0.37063 -13.14068 -2.22571 -7.61337 -11.16380 30.01844 28.26436 14.56728 -2.91203 -32.11033 38.85345 14.29191 11.92815 13.77011 -3.33130 -15.82937 1.59331 29.27808 -28.83541 -26.66806 24.75140 30.93301 -23.78116 -36.31797 12.89628 -26.42928 10.84487 -11.53764 -29.76291 35.24569 -1.87142 12.07222 -0.78451 2.48179 31.44651 29.77254 4.51976 -8.10039 8.25421 6.38497 4.61594 -0.71190 2.72378 0.00000 0.00000 0.00000 0.00000 
0.35042 15.09830 6.20872 -15.16759 12.22689 1.57924 -23.35355 7.59737 -27.16382 7.18127 11.90893 -12.08492 0.99769 11.65327 0.92868 14.67099 8.40229 8.12235 -35.99423 11.58772 -6.76242 -19.32707 20.13049 -7.91087 6.53262 16.44126 3.94701 -12.71392 6.04944 -20.03601 3.17156 -15.97478 -7.44542 -7.42109 -15.18097 4.34651 12.09945 7.83811 -12.11975 -0.47448 21.41672 -2.00127 -13.23767 0.52760 4.56476 0.98417 0.11660 0.00000 0.00000 0.00000 
-1.75279 -8.22203 -8.41404 0.01692 -18.77717 5.69436 2.05028 -3.72134 7.01442 17.25389 13.07305 28.75963 2.30900 14.26702 -0.02436 1.59950 2.53446 11.49572 4.30620 -18.80956 -8.64086 -28.75478 -7.27454 -2.94650 15.76601 -12.26417 -6.67188 1.78618 0.78530 17.45375 11.12375 -19.34572 13.52352 -6.11571 10.98901 -0.14643 -3.03855 -3.21218 -1.36650 -0.31703 0.19822 2.71168 6.10745 3.74208 -1.34886 0.36589 0.12190 0.06589 0.00000 0.00000 
1.61684 -0.46839 -1.47114 -0.46815 -0.23368 -0.80116 -0.90675 -0.83140 -0.17986 1.16921 -0.40399 0.37801 -0.77431 2.63636 0.49457 0.14309 -1.27665 0.37380 -0.03242 -0.86608 -1.40018 -2.70907 -0.77554 0.49048 3.05029 -0.75839 -0.73337 -1.48901 0.51073 0.82370 -0.13399 -0.78790 0.59081 0.68938 0.95934 -0.18126 0.08938 0.14985 -1.67931 -0.02112 0.68239 -0.17874 0.05449 0.18194 0.18282 0.02051 -0.00746 0.02282 0.03646 0.00000 
20.39033 6.46941 -8.73137 -11.64910 15.37087 -12.85434 -21.79887 -3.99699 -17.89443 4.92655 -8.95301 -20.57538 -10.52193 25.97849 6.17547 6.71767 -13.34901 -0.47542 -18.26307 7.75340 -13.06448 -19.82840 4.10136 4.82036 27.68740 6.33667 -2.54248 -23.75326 7.74621 -10.50273 -8.20393 -2.45295 -5.28566 9.19629 -2.63505 -0.28267 8.07500 7.34118 -23.59248 -0.04913 16.68236 -4.74888 -9.01069 -0.14494 4.91398 0.40349 0.22273 0.10985 0.01368 0.13949 

