31387
1016
25754
38899
34474
32121
38324
21068
8008
36026
19263
15645
8948
13459
30173
13795
28961
33083
25520
17005
29335
24070
5854
12319
32314
30366
38898
29816
15551
13841
37440
19356
36942
6281
14085
2405
9357
34878
24241
9620
4528
2207
34254
20794
14110
32442
22110
4683
9244
28459
19999
6730
12055
27080
4695
36224
19972
12811
12369
69
8812
4149
16988
9667
14500
38547
1442
33972
6618
7361
12736
20357
4744
14364
38877
668
15096
22983
18469
34768
26928
22486
10862
39407
7147
39783
19348
14695
17093
28825
13478
23716
22890
10686
3938
7404
6293
23840
22516
32679
