
1.367183 0.060164 0.395627 0.391374 -0.071130 0.037080 -0.118622 0.009059 -0.031083 -0.054471 
-1.161492 0.080556 0.001746 -0.321356 -0.061849 -0.023443 0.305380 -0.034701 0.010245 0.099256 
-0.631271 0.005326 0.394774 0.486120 0.044954 -0.093367 0.234715 0.006901 0.042750 0.062416 
-1.325553 -0.050503 0.074853 0.028299 -0.028331 -0.116495 0.267769 0.016408 -0.028424 0.086238 
-1.225328 0.046558 0.206457 -0.210574 0.093023 -0.092096 0.167295 0.054611 -0.007784 0.034128 
-0.749546 0.050969 -0.506875 -0.251751 -0.046416 0.059739 -0.202202 -0.020848 0.026765 -0.076819 
1.485511 0.008747 0.075046 0.088674 0.028354 0.079888 -0.111570 0.036431 -0.039557 -0.009208 
-0.764125 -0.012230 0.023480 0.151214 -0.167287 0.007746 -0.051307 0.024421 -0.013477 0.003636 
1.047578 -0.079239 -0.399400 -0.189662 0.000132 0.051690 -0.138392 0.014662 -0.009172 -0.004899 
0.044434 -0.034645 -0.594016 0.014784 -0.020937 0.076729 -0.089505 -0.006043 0.044219 0.174528 
